  0.10000000000000001        0.0000000000000000     
  0.30000000000000004        0.0000000000000000     
  0.50000000000000000        0.0000000000000000     
  0.70000000000000007        0.0000000000000000     
  0.90000000000000002        0.0000000000000000     
   1.1000000000000001        0.0000000000000000     
   1.3000000000000000        0.0000000000000000     
   1.5000000000000000        0.0000000000000000     
   1.7000000000000002        0.0000000000000000     
   1.9000000000000001        0.0000000000000000     
   2.1000000000000001        0.0000000000000000     
   2.3000000000000003        0.0000000000000000     
   2.5000000000000000        0.0000000000000000     
   2.7000000000000002        0.0000000000000000     
   2.9000000000000004        0.0000000000000000     
   3.1000000000000001        0.0000000000000000     
   3.3000000000000003        0.0000000000000000     
   3.5000000000000000        0.0000000000000000     
   3.7000000000000002        0.0000000000000000     
   3.9000000000000004        0.0000000000000000     
