  0.10000000000000001        9.1044541839494067E-005
  0.30000000000000004        2.0442469824010298E-004
  0.50000000000000000        6.0581066494500349E-004
  0.70000000000000007        1.1041038664793836E-003
  0.90000000000000002        2.0194820810415346E-003
   1.1000000000000001        3.2922400807235954E-003
   1.3000000000000000        4.3776681151046085E-003
   1.5000000000000000        4.7608891498783544E-003
   1.7000000000000002        4.9733878573139344E-003
   1.9000000000000001        5.0332058981411082E-003
   2.1000000000000001        5.0359295368252654E-003
   2.3000000000000003        4.9898696591196088E-003
   2.5000000000000000        4.8579587520023396E-003
   2.7000000000000002        4.6134079656852522E-003
   2.9000000000000004        3.6907920669032460E-003
   3.1000000000000001        2.0534018741132725E-003
   3.3000000000000003        1.1800405198758991E-003
   3.5000000000000000        5.7794289611122289E-004
   3.7000000000000002        2.3856778157644521E-004
   3.9000000000000004        1.0033706534541418E-004
