  0.10000000000000001        1.0359935346662825E-004
  0.30000000000000004        2.1157035851924075E-004
  0.50000000000000000        6.2487797650998315E-004
  0.70000000000000007        1.1720382976215310E-003
  0.90000000000000002        2.1459487664745969E-003
   1.1000000000000001        3.5970569148813143E-003
   1.3000000000000000        4.8408917884966082E-003
   1.5000000000000000        5.3410827559913429E-003
   1.7000000000000002        5.5963154881789323E-003
   1.9000000000000001        5.6690740097790947E-003
   2.1000000000000001        5.6760816449027401E-003
   2.3000000000000003        5.6377790414912149E-003
   2.5000000000000000        5.5170400824389038E-003
   2.7000000000000002        5.2821599517525698E-003
   2.9000000000000004        4.3762551185414986E-003
   3.1000000000000001        2.5659853244124902E-003
   3.3000000000000003        1.4736471394255015E-003
   3.5000000000000000        7.3789553683685516E-004
   3.7000000000000002        3.1296637037825565E-004
   3.9000000000000004        1.2970499082821076E-004
