  0.10000000000000001       0.23832394294532191     
  0.30000000000000004       0.30692571522072687     
  0.50000000000000000       0.45053239734530492     
  0.70000000000000007       0.56332793557804284     
  0.90000000000000002       0.69845426969757884     
   1.1000000000000001       0.83932672858368507     
   1.3000000000000000       0.93310174032246607     
   1.5000000000000000       0.96676422355643155     
   1.7000000000000002       0.98330547638361232     
   1.9000000000000001       0.98805465023093131     
   2.1000000000000001       0.98853616549837553     
   2.3000000000000003       0.98602663522790834     
   2.5000000000000000       0.97816513941302119     
   2.7000000000000002       0.96269420330582534     
   2.9000000000000004       0.90001616861287914     
   3.1000000000000001       0.74441043015087327     
   3.3000000000000003       0.61114530034694547     
   3.5000000000000000       0.47800931687807974     
   3.7000000000000002       0.35261247511560362     
   3.9000000000000004       0.25806950377874849     
