  0.10000000000000001        7.6407731903547407E-003
  0.30000000000000004        3.0348849461950551E-002
  0.50000000000000000       0.15813218470237253     
  0.70000000000000007       0.25826830824456570     
  0.90000000000000002       0.23294120039618441     
   1.1000000000000001       0.12161745126198109     
   1.3000000000000000        3.4322366380246751E-002
   1.5000000000000000        3.6068742399407243E-003
   1.7000000000000002        3.3771396252643958E-004
   1.9000000000000001        2.0936560090299509E-005
   2.1000000000000001        7.1608174064108626E-006
   2.3000000000000003        1.4648070518392633E-004
   2.5000000000000000        1.2341708819496098E-003
   2.7000000000000002        1.1304550211926020E-002
   2.9000000000000004        7.2087613777676723E-002
   3.1000000000000001       0.20718377070413224     
   3.3000000000000003       0.27092659530997781     
   3.5000000000000000       0.20915262804656040     
   3.7000000000000002        6.4584121983304071E-002
   3.9000000000000004        1.2596282100161013E-002
