  0.10000000000000001       0.29243172258380867     
  0.30000000000000004       0.36834375407535841     
  0.50000000000000000       0.51111676585521471     
  0.70000000000000007       0.62181666232723509     
  0.90000000000000002       0.74897323072662036     
   1.1000000000000001       0.86844677539835979     
   1.3000000000000000       0.94339489927800468     
   1.5000000000000000       0.97043750032829224     
   1.7000000000000002       0.98433293893956142     
   1.9000000000000001       0.98823801188560778     
   2.1000000000000001       0.98854790430536699     
   2.3000000000000003       0.98608083202520269     
   2.5000000000000000       0.97839630266962085     
   2.7000000000000002       0.96329022970739975     
   2.9000000000000004       0.91014370514427589     
   3.1000000000000001       0.77704304517384992     
   3.3000000000000003       0.65318947630711910     
   3.5000000000000000       0.52517617968233643     
   3.7000000000000002       0.40111306477226105     
   3.9000000000000004       0.30676524704406982     
