  0.10000000000000001        3.3258345441464949E-005
  0.30000000000000004        4.0712850258098214E-005
  0.50000000000000000        6.2468599803705143E-005
  0.70000000000000007        8.5750745048326159E-005
  0.90000000000000002        1.0881154880239186E-004
   1.1000000000000001        1.3717596819422438E-004
   1.3000000000000000        1.5904157210878066E-004
   1.5000000000000000        1.7174416843567276E-004
   1.7000000000000002        1.7614132321858400E-004
   1.9000000000000001        1.7781266663813454E-004
   2.1000000000000001        1.7818528697192615E-004
   2.3000000000000003        1.7784328108899538E-004
   2.5000000000000000        1.7647360710993255E-004
   2.7000000000000002        1.7351401782809075E-004
   2.9000000000000004        1.6389880234547348E-004
   3.1000000000000001        1.3666829813373049E-004
   3.3000000000000003        1.0701478029786242E-004
   3.5000000000000000        8.2633298808815995E-005
   3.7000000000000002        5.9263537979725321E-005
   3.9000000000000004        4.1251669170342661E-005
