  0.10000000000000001       0.11324010472284239     
  0.30000000000000004       0.14648788489324760     
  0.50000000000000000       0.28567358084931987     
  0.70000000000000007       0.22120755481943613     
  0.90000000000000002       0.10301016061107114     
   1.1000000000000001        4.4811764465463380E-002
   1.3000000000000000        2.8719616425724605E-002
   1.5000000000000000        2.5142386714159561E-002
   1.7000000000000002        1.0114774845282981E-002
   1.9000000000000001        2.3271685769993057E-003
   2.1000000000000001        6.1225146384072675E-004
   2.3000000000000003        2.2276755957458048E-003
   2.5000000000000000        8.4277863066384850E-003
   2.7000000000000002        1.7817736733965042E-002
   2.9000000000000004        1.7245657168467512E-002
   3.1000000000000001        3.8588807195588160E-002
   3.3000000000000003        9.0627205728239929E-002
   3.5000000000000000       0.24026380110251375     
   3.7000000000000002       0.32099148642754083     
   3.9000000000000004       0.14856863158625441     
