  0.10000000000000001       0.21928239661661719     
  0.30000000000000004       0.25974677816708702     
  0.50000000000000000       0.37776524592018645     
  0.70000000000000007       0.50367049945401776     
  0.90000000000000002       0.62794967597834161     
   1.1000000000000001       0.78107177687441998     
   1.3000000000000000       0.89885394443954181     
   1.5000000000000000       0.96672536120737829     
   1.7000000000000002       0.98942482240579321     
   1.9000000000000001       0.99769608589522163     
   2.1000000000000001       0.99940744690035077     
   2.3000000000000003       0.99776999300641289     
   2.5000000000000000       0.99106129671657117     
   2.7000000000000002       0.97617867117536772     
   2.9000000000000004       0.92520967911966234     
   3.1000000000000001       0.77799430984855100     
   3.3000000000000003       0.61794630012765650     
   3.5000000000000000       0.48656057977005285     
   3.7000000000000002       0.36025732603328287     
   3.9000000000000004       0.26267385806614241     
