  0.10000000000000001       -2.9055123454698698E-002
  0.30000000000000004       -2.7769518878676420E-002
  0.50000000000000000       -2.5533024480753685E-002
  0.70000000000000007       -2.2812485827894739E-002
  0.90000000000000002       -1.9889202885079824E-002
   1.1000000000000001       -1.7147411977503836E-002
   1.3000000000000000       -1.4866789167465750E-002
   1.5000000000000000       -1.3152410596694215E-002
   1.7000000000000002       -1.1986569281209633E-002
   1.9000000000000001       -1.1362414438590462E-002
   2.1000000000000001       -1.1262883388384140E-002
   2.3000000000000003       -1.1684271108867073E-002
   2.5000000000000000       -1.2637438408052346E-002
   2.7000000000000002       -1.4139167158042452E-002
   2.9000000000000004       -1.6230702561903603E-002
   3.1000000000000001       -1.8914015019071289E-002
   3.3000000000000003       -2.1874823497244802E-002
   3.5000000000000000       -2.4758371511267526E-002
   3.7000000000000002       -2.7218561766152099E-002
   3.9000000000000004       -2.8832755216035209E-002
