  0.10000000000000001       -3.0873744992540447E-002
  0.30000000000000004       -2.9630582009309219E-002
  0.50000000000000000       -2.7391871002170439E-002
  0.70000000000000007       -2.4596158707768972E-002
  0.90000000000000002       -2.1513400047869991E-002
   1.1000000000000001       -1.8562281038663003E-002
   1.3000000000000000       -1.6079942993176725E-002
   1.5000000000000000       -1.4204003549754814E-002
   1.7000000000000002       -1.2916100354481935E-002
   1.9000000000000001       -1.2210377494397111E-002
   2.1000000000000001       -1.2068154119500714E-002
   2.3000000000000003       -1.2484153164543699E-002
   2.5000000000000000       -1.3468654045251324E-002
   2.7000000000000002       -1.5039158119116713E-002
   2.9000000000000004       -1.7248973957206794E-002
   3.1000000000000001       -2.0102118972426690E-002
   3.3000000000000003       -2.3233243442557953E-002
   3.5000000000000000       -2.6253018664376123E-002
   3.7000000000000002       -2.8823019788845185E-002
   3.9000000000000004       -3.0546923570291273E-002
