  0.10000000000000001       0.99998970529256725     
  0.30000000000000004       0.99998971851885055     
  0.50000000000000000       0.99998974148739561     
  0.70000000000000007       0.99998976935786166     
  0.90000000000000002       0.99998979922094766     
   1.1000000000000001       0.99998982715076012     
   1.3000000000000000       0.99998985032452126     
   1.5000000000000000       0.99998986770982445     
   1.7000000000000002       0.99998987951546436     
   1.9000000000000001       0.99998988583017900     
   2.1000000000000001       0.99998988683679246     
   2.3000000000000003       0.99998988257437482     
   2.5000000000000000       0.99998987292627595     
   2.7000000000000002       0.99998985770688764     
   2.9000000000000004       0.99998983647193895     
   3.1000000000000001       0.99998980916367364     
   3.3000000000000003       0.99998977894615526     
   3.5000000000000000       0.99998974943102414     
   3.7000000000000002       0.99998972418188736     
   3.9000000000000004       0.99998970758150507     
