  0.10000000000000001       0.99998968655354936     
  0.30000000000000004       0.99998969936674598     
  0.50000000000000000       0.99998972240085715     
  0.70000000000000007       0.99998975109364585     
  0.90000000000000002       0.99998978263957861     
   1.1000000000000001       0.99998981274747023     
   1.3000000000000000       0.99998983800405705     
   1.5000000000000000       0.99998985704928323     
   1.7000000000000002       0.99998987010388107     
   1.9000000000000001       0.99998987725018629     
   2.1000000000000001       0.99998987868976086     
   2.3000000000000003       0.99998987447847221     
   2.5000000000000000       0.99998986450507965     
   2.7000000000000002       0.99998984857489925     
   2.9000000000000004       0.99998982611754350     
   3.1000000000000001       0.99998979704882862     
   3.3000000000000003       0.99998976505237935     
   3.5000000000000000       0.99998973409874237     
   3.7000000000000002       0.99998970768170470     
   3.9000000000000004       0.99998968992361892     
