  0.10000000000000001        3.4465629716127370E-002
  0.30000000000000004        3.4422873283658582E-002
  0.50000000000000000        3.4348614173152610E-002
  0.70000000000000007        3.4258491431494856E-002
  0.90000000000000002        3.4161906630448470E-002
   1.1000000000000001        3.4071557047641990E-002
   1.3000000000000000        3.3996579890099847E-002
   1.5000000000000000        3.3940323262547423E-002
   1.7000000000000002        3.3902117980364015E-002
   1.9000000000000001        3.3881681129964848E-002
   2.1000000000000001        3.3878423260297177E-002
   2.3000000000000003        3.3892218274503005E-002
   2.5000000000000000        3.3923442211867681E-002
   2.7000000000000002        3.3972692292882169E-002
   2.9000000000000004        3.4041400394519347E-002
   3.1000000000000001        3.4129745045739554E-002
   3.3000000000000003        3.4227482560665781E-002
   3.5000000000000000        3.4322929140247684E-002
   3.7000000000000002        3.4404565301416716E-002
   3.9000000000000004        3.4458230567445208E-002
