  0.10000000000000001        5.3131192499737225E-002
  0.30000000000000004       0.45933503747527837     
  0.50000000000000000        1.4016020354451406     
  0.70000000000000007       0.34284166725696724     
  0.90000000000000002        2.0472066639634343E-002
   1.1000000000000001        5.3338837650719303E-004
   1.3000000000000000        7.5357319314261080E-006
   1.5000000000000000        7.7807718519767329E-008
   1.7000000000000002        9.0555530014742558E-010
   1.9000000000000001        1.3248132928095694E-011
   2.1000000000000001        7.3905825164756362E-013
   2.3000000000000003        8.5059999749875150E-012
   2.5000000000000000        5.1237874939451099E-010
   2.7000000000000002        5.4988238923355915E-008
   2.9000000000000004        4.8498737378876150E-006
   3.1000000000000001        4.0243757725508364E-004
   3.3000000000000003        1.3849860870515486E-002
   3.5000000000000000       0.23771280547196769     
   3.7000000000000002        1.3686140324782616     
   3.9000000000000004       0.60149295606668141     
