  0.10000000000000001       0.12662135817684403     
  0.30000000000000004       0.17410757743281072     
  0.50000000000000000       0.20853560188411774     
  0.70000000000000007       0.13428130436115385     
  0.90000000000000002        5.5775349580554856E-002
   1.1000000000000001        3.0297397027803222E-002
   1.3000000000000000        2.1995478883996018E-002
   1.5000000000000000        1.6403664425983018E-002
   1.7000000000000002        4.6293640864522277E-003
   1.9000000000000001        8.6239430489764386E-004
   2.1000000000000001        5.5156401157721200E-004
   2.3000000000000003        2.9468994451392508E-003
   2.5000000000000000        9.7606513290672183E-003
   2.7000000000000002        1.5563595557894725E-002
   2.9000000000000004        2.0122942447351622E-002
   3.1000000000000001        4.1019275622666988E-002
   3.3000000000000003       0.10012647718099132     
   3.5000000000000000       0.21708748158810409     
   3.7000000000000002       0.21603117072795944     
   3.9000000000000004       0.13009448318006184     
