  0.10000000000000001       0.11324034099252434     
  0.30000000000000004       0.14648781199548216     
  0.50000000000000000       0.28567405363151938     
  0.70000000000000007       0.22120721465736931     
  0.90000000000000002       0.10300982708811185     
   1.1000000000000001        4.4811748583871019E-002
   1.3000000000000000        2.8719672257501647E-002
   1.5000000000000000        2.5142437590993084E-002
   1.7000000000000002        1.0114729038233459E-002
   1.9000000000000001        2.3271555951887100E-003
   2.1000000000000001        6.1224784220069634E-004
   2.3000000000000003        2.2276653522898052E-003
   2.5000000000000000        8.4277620885140573E-003
   2.7000000000000002        1.7817783243515663E-002
   2.9000000000000004        1.7245658701075452E-002
   3.1000000000000001        3.8588861385034909E-002
   3.3000000000000003        9.0626877686196219E-002
   3.5000000000000000       0.24026348731408376     
   3.7000000000000002       0.32099218710277311     
   3.9000000000000004       0.14856858279846200     
